18 -32 0
-46 -2 0
42 42 1
-22 -15 0
26 -2 0
35 20 1
-45 -4 0
-47 -31 0
47 40 1
29 -35 0
-32 7 0
-30 -4 0
-32 -39 0
-17 -30 0
34 -31 0
42 -49 0
-14 48 1
-28 15 0
34 20 1
17 -48 0
5 -28 0
42 2 1
-7 29 1
47 11 1
-8 21 0
-41 -3 0
3 20 1
-25 -22 0
38 17 1
-24 -25 0
2 -41 0
-6 17 0
45 46 1
2 42 1
-36 24 0
-13 -6 0
16 28 1
29 -41 0
-24 -11 0
-25 25 0
17 -17 0
2 -39 0
-38 -40 0
32 -5 0
36 -7 0
15 -43 0
49 -3 1
-7 -45 0
5 -19 0
1 -1 0
-1 -21 0
-5 28 1
-23 26 0
38 -6 0
31 -39 0
-17 -37 0
31 -31 0
-15 -50 0
-33 -14 0
4 34 1
46 -13 0
45 5 1
-9 35 1
-27 -36 0
-38 34 0
-39 -29 0
-28 -1 0
40 -1 0
-12 -4 0
-25 26 0
0 47 1
2 3 0
22 -3 0
25 23 1
38 3 1
-25 44 1
-28 -49 0
42 27 1
-42 3 0
-4 49 1
34 -20 0
-32 -44 0
24 5 0
-47 -13 0
15 26 1
49 -31 0
-28 17 0
-31 2 0
-18 -7 0
-6 -44 0
-30 -20 0
3 37 1
32 24 1
-16 12 0
-7 -27 0
35 18 1
20 20 1
-47 23 0
10 45 1
27 24 1
-46 -40 0
43 -24 0
-45 -7 0
31 0 0
-26 -18 0
-25 -25 0
47 -28 0
45 32 1
-15 49 1
36 -48 0
-14 -30 0
-7 -49 0
-21 5 0
46 11 1
20 29 1
-11 -10 0
6 -12 0
-22 -36 0
-35 -18 0
-15 -19 0
31 -6 0
-34 1 0
-34 -47 0
26 -49 0
-47 -9 0
-46 33 0
33 -36 0
-2 0 0
-18 -3 0
-1 27 1
-21 -31 0
-17 -47 0
-32 -16 0
-12 26 1
-38 -15 0
-39 33 0
-35 -24 0
-10 44 1
-45 -15 0
47 -48 0
-44 45 1
-8 33 1
29 -46 0
-4 -49 0
-22 -39 0
12 -17 0
-22 11 0
4 -23 0
12 4 0
-49 -29 0
-27 -20 0
-9 -36 0
16 -35 0
-30 -9 0
30 -12 0
-39 -45 0
-48 38 0
22 17 1
21 -19 0
-46 28 0
-49 -28 0
-47 -28 0
-4 -24 0
-41 -12 0
11 6 0
28 -48 0
-36 -16 0
43 -39 0
-33 -49 0
-49 -18 0
33 -42 0
-42 -44 0
-12 19 0
-34 15 0
6 -34 0
44 38 1
34 43 1
-35 -10 0
25 -32 0
25 -23 0
-28 -1 0
47 -42 0
-30 -1 0
8 -25 0
-47 14 0
-31 -28 0
-19 -36 0
-1 -5 0
-8 10 0
-23 -26 0
5 9 0
35 8 1
-47 8 0
29 5 0
3 -19 0
-17 26 0
-27 -7 0
10 -38 0
5 -20 0
-25 -12 0
1 26 1
40 -27 0
-20 5 0
18 -23 0
-19 -36 0
19 -6 0
-6 47 1
-44 -16 0
-27 37 1
-50 -30 0
23 -9 0
5 -28 0
11 15 1
41 1 1
-47 47 1
-35 46 1
-30 16 0
-45 21 0
38 25 1
23 -25 0
33 -10 0
47 9 1
13 -7 0
-13 -2 0
38 -32 0
12 6 0
30 -29 0
17 -6 0
41 -19 0
-11 8 0
1 -41 0
25 -20 0
-10 31 1
23 -45 0
-27 49 1
24 34 1
35 19 1
21 1 0
39 -9 0
-12 -14 0
11 -50 0
-45 27 0
42 -29 0
-28 -21 0
35 21 1
11 13 0
9 -6 0
-11 44 1
-12 -32 0
32 33 1
12 -39 0
-49 29 0
-7 -12 0
-33 12 0
15 -38 0
7 -19 0
-42 33 0
17 9 0
30 47 1
8 -11 0
-33 31 0
-4 -50 0
45 -25 0
-8 46 1
47 -16 0
28 -34 0
-4 -3 0
-39 17 0
9 -3 0
46 -25 0
23 29 1
-22 -20 0
26 37 1
-39 -10 0
-47 11 0
28 5 0
3 -50 0
-24 15 0
17 -24 0
35 -45 0
40 -50 0
-31 -28 0
-28 -48 0
-38 -30 0
18 23 1
-20 31 1
12 26 1
-19 47 1
3 -32 0
-31 29 0
6 34 1
-15 40 1
22 21 1
-25 -29 0
-23 -44 0
-17 44 1
18 30 1
38 -2 0
-27 29 0
5 -49 0
-32 3 0
38 -11 0
42 -47 0
1 -41 0
-14 -16 0
-20 3 0
2 -9 0
-17 -5 0
-38 44 1
37 43 1
-32 2 0
-11 -8 0
-11 21 0
39 -35 0
-38 -28 0
19 -12 0
13 -7 0
-37 -39 0
-25 41 1
-36 -2 0
5 -49 0
-24 13 0
39 -11 0
13 -5 0
-5 12 0
42 49 1
-32 -50 0
-12 -45 0
19 -42 0
48 -35 0
-16 -20 0
45 -43 0
44 2 1
-7 -22 0
-12 3 0
46 -32 0
13 10 0
-42 -2 0
-36 22 0
41 42 1
9 18 1
23 41 1
38 17 1
-27 3 0
39 27 1
-32 45 1
23 -29 0
-31 -19 0
-45 -38 0
16 33 1
29 -35 0
43 -14 0
-15 13 0
43 8 1
9 -2 0
-40 -45 0
26 -34 0
-35 -41 0
-8 -22 0
36 -3 0
-48 -1 0
-34 -5 0
30 46 1
35 2 0
48 29 1
-9 -20 0
16 39 1
-11 15 0
-47 -10 0
46 39 1
-29 -50 0
-20 5 0
11 20 1
-42 0 0
-6 43 1
45 -13 0
-33 -43 0
37 0 0
-35 -28 0
42 -42 0
-39 -43 0
-6 -36 0
-1 -3 0
-47 -18 0
-49 35 0
32 -13 0
9 -17 0
19 25 1
34 39 1
31 -14 0
13 -46 0
-2 -40 0
11 5 0
-36 25 0
38 3 1
35 14 1
41 -27 0
16 13 1
-50 12 0
-34 42 1
14 36 1
14 34 1
14 -31 0
-3 5 0
41 19 1
-10 31 1
24 23 1
38 21 1
-41 32 0
-38 38 0
-21 14 0
20 -16 0
-42 33 0
14 -20 0
1 -49 0
-18 -6 0
-8 -28 0
-41 16 0
14 28 1
-28 -32 0
45 -17 0
-24 -13 0
-33 -27 0
22 -41 0
4 16 0
5 -11 0
43 -46 0
46 -26 0
4 -19 0
-30 -43 0
-35 26 0
-9 -18 0
-48 -8 0
-34 22 0
33 -29 0
30 -1 0
16 -8 0
2 21 1
37 -16 0
-37 16 0
45 12 1
34 -27 0
-49 42 0
-37 -29 0
44 -47 0
2 -6 0
-2 -30 0
-12 -27 0
6 -14 0
-11 7 0
0 12 0
5 17 0
-3 -5 0
-39 -8 0
-7 -2 0
-14 47 1
-17 -7 0
31 -12 0
-11 38 1
-12 38 1
25 -42 0
2 41 1
33 34 1
45 -2 1
-23 7 0
44 -13 0
2 -42 0
-27 -47 0
40 10 1
33 -7 0
-25 2 0
-20 -35 0
19 -50 0
5 -6 0
11 47 1
36 21 1
11 -45 0
23 33 1
24 -7 0
-18 -15 0
-1 0 0
-28 -42 0
48 46 1
-14 43 1
-19 4 0
-26 21 0
1 43 1
-5 -39 0
33 -18 0
38 -5 0
-9 26 1
5 -18 0
42 -44 0
9 -15 0
-50 12 0
32 21 1
-43 29 0
-15 46 1
-5 14 0
13 2 0
