-20 33 1
46 -49 0
6 -37 0
-48 -19 1
-38 -22 1
8 -36 0
-5 -31 0
22 5 0
46 45 0
-18 32 1
-40 -1 1
-36 22 1
-9 -18 0
-30 -11 1
25 -46 0
-46 -39 1
-5 -3 1
17 16 0
44 42 0
-18 35 1
19 36 1
35 -18 0
-40 13 1
4 -46 0
5 -50 0
9 -48 0
9 -15 0
45 -10 0
46 44 0
-26 -5 1
-37 -46 0
-22 -47 0
48 6 0
25 27 1
34 -16 0
-4 -3 1
5 -31 0
-21 11 1
12 -16 0
12 44 1
-6 21 1
11 -41 0
-1 17 1
-29 3 1
-6 34 1
-34 -47 0
-17 9 1
1 12 1
14 8 0
-49 -10 1
40 6 0
-48 -36 1
3 -34 0
-6 -40 0
-38 -3 1
-30 21 1
31 -12 0
44 15 0
-47 45 1
-24 48 1
37 -42 0
-18 41 1
24 43 1
31 -1 0
13 -27 0
29 27 0
35 -17 0
11 -26 0
-25 16 1
-31 26 1
35 -12 0
-17 -26 0
-19 -29 0
0 -6 0
-43 -12 1
3 -35 0
43 -41 0
42 -45 0
44 -26 0
20 42 1
18 -10 0
-43 -41 1
10 -28 0
-8 13 1
-31 -29 1
47 18 0
17 42 1
21 -1 0
17 18 1
-6 31 1
21 15 0
7 18 1
16 11 0
-16 -22 0
49 22 0
23 18 0
-10 -47 0
-17 23 1
-32 -10 1
47 21 0
-41 -17 1
-32 -5 1
-1 29 1
-40 14 1
26 -2 0
-15 -24 0
-26 21 1
-7 -41 0
23 17 0
14 28 1
41 -30 0
-50 -9 1
41 -17 0
25 -7 0
-42 -16 1
-42 -32 1
12 -18 0
37 -36 0
24 41 1
-31 -1 1
-15 -1 1
32 20 0
-49 -49 0
-5 38 1
-20 32 1
26 -14 0
-50 11 1
-9 45 1
34 31 0
22 -42 0
-14 30 1
-4 19 1
44 -37 0
42 -33 0
4 -8 0
-31 41 1
-25 21 1
1 42 1
3 23 1
38 0 0
24 1 0
-12 25 1
-26 36 1
-32 -5 1
-24 -45 0
17 3 0
26 12 0
-37 -34 1
49 -42 0
22 -44 0
-39 -38 1
-34 -43 0
12 28 1
31 19 0
31 14 0
-27 6 1
2 -23 0
-28 30 1
39 -36 0
-26 -39 0
-43 -38 1
-23 34 1
-20 -23 0
39 43 1
-36 -8 1
-40 -23 1
2 -33 0
-9 32 1
37 35 0
-23 -17 1
2 -48 0
32 -9 0
24 -35 0
36 1 0
3 2 0
22 6 0
-26 17 1
20 33 1
32 -34 0
-21 -36 0
-14 -46 0
21 40 1
-2 13 1
-25 -3 1
-50 -35 1
46 16 0
14 -39 0
-30 -2 1
7 -32 0
-1 47 1
31 -4 0
2 -32 0
-15 18 1
23 20 0
-1 -43 0
-20 -33 0
-1 33 1
28 38 1
-49 -48 1
21 -7 0
1 -31 0
28 -6 0
-20 4 1
37 31 0
-38 21 1
-14 -16 0
41 1 0
25 2 0
-21 46 1
-5 -28 0
-26 -50 0
47 24 0
6 6 0
-9 49 1
-5 0 1
-37 22 1
-37 44 1
-40 19 1
49 25 0
48 -28 0
21 -31 0
10 -50 0
33 13 0
-27 4 1
22 40 1
-26 -46 0
38 13 0
-19 21 1
-27 24 1
1 -39 0
-4 0 1
-36 -34 1
12 -23 0
39 -11 0
49 26 0
-22 -29 0
-1 -26 0
-14 -41 0
-15 -42 0
-34 -45 0
43 -11 0
23 44 1
12 37 1
18 -23 0
40 47 1
38 -4 0
-28 -18 1
36 -8 0
10 12 1
12 -42 0
-26 -38 0
-5 10 1
10 -24 0
-25 39 1
-34 -11 1
-24 15 1
24 -11 0
29 5 0
-44 -28 1
37 6 0
5 8 1
38 36 0
-27 25 1
12 -33 0
-17 -20 0
-12 41 1
44 37 0
-5 -22 0
-30 -4 1
3 38 1
-19 -6 1
-45 -33 1
-25 31 1
40 25 0
16 -32 0
-14 -34 0
-43 -14 1
12 -41 0
-36 33 1
14 35 1
37 -32 0
21 19 0
23 13 0
-49 44 1
-21 24 1
-35 -37 0
4 37 1
11 12 1
-16 -29 0
-22 30 1
23 -44 0
15 8 0
-50 48 1
49 -28 0
-4 -18 0
5 24 1
36 13 0
-9 34 1
-13 -17 0
-16 -2 1
-9 12 1
12 37 1
0 15 1
39 -30 0
-44 -34 1
33 -39 0
-13 -37 0
-2 -34 0
38 -8 0
46 -29 0
16 -39 0
48 -29 0
-40 43 1
23 0 0
-19 -44 0
-32 9 1
-32 -31 1
-20 17 1
-41 -50 0
-30 -15 1
-3 36 1
-49 -49 0
-24 17 1
-7 -23 0
32 -36 0
30 -35 0
36 44 1
35 -19 0
33 -11 0
42 39 0
14 17 1
5 4 0
-5 -48 0
2 -10 0
19 -4 0
-2 23 1
-49 -39 1
15 -39 0
23 23 0
-26 19 1
-3 -34 0
39 -21 0
-34 28 1
-34 7 1
49 39 0
-17 -33 0
40 47 1
-48 -45 1
39 48 1
-43 -44 0
46 -44 0
-31 9 1
-50 -39 1
-19 -48 0
40 -17 0
48 11 0
5 -29 0
45 1 0
-47 -31 1
13 -47 0
-27 35 1
29 32 1
-35 -4 1
8 17 1
8 15 1
18 31 1
-29 36 1
-9 -21 0
24 -30 0
46 -40 0
-30 -2 1
45 -15 0
37 34 0
-44 -48 0
-24 43 1
22 -24 0
-21 31 1
49 -15 0
3 -45 0
-29 -30 0
-17 39 1
30 13 0
-43 41 1
41 19 0
-8 15 1
-27 12 1
-22 -16 1
22 -5 0
1 -42 0
32 47 1
-23 -27 0
-31 7 1
-20 -37 0
-10 14 1
36 1 0
-25 3 1
-18 1 1
-5 -48 0
-28 -18 1
1 -44 0
26 25 0
-8 -17 0
25 -15 0
41 -21 0
-27 -31 0
-14 -16 0
-19 -48 0
-30 -15 1
-50 34 1
32 -16 0
48 37 0
-31 -46 0
-13 -23 0
21 -39 0
-25 47 1
24 -46 0
22 -23 0
38 47 1
9 7 0
11 -38 0
46 32 0
7 -36 0
-47 -44 1
-16 -25 0
-46 13 1
-33 33 1
-36 -16 1
33 -31 0
17 -25 0
19 -36 0
40 -44 0
3 -14 0
-28 1 1
24 32 1
6 -33 0
-21 22 1
-17 -28 0
2 -16 0
-36 31 1
47 14 0
34 -18 0
-39 -40 0
35 -17 0
-31 -19 1
29 39 1
-49 16 1
-15 43 1
20 37 1
38 -13 0
-11 -29 0
39 -48 0
14 -40 0
-16 28 1
-27 -34 0
-26 8 1
-4 -1 1
-31 -41 0
-45 -13 1
-35 48 1
-29 -28 1
-23 29 1
-13 -30 0
38 19 0
32 -5 0
26 8 0
-29 -46 0
-2 -24 0
-20 -36 0
37 10 0
35 -11 0
39 14 0
46 -44 0
-35 -14 1
-35 -5 1
-32 -48 0
-16 44 1
5 11 1
-41 -26 1
41 -10 0
-28 48 1
-49 -50 0
-43 27 1
8 23 1
-22 13 1
40 -34 0
21 -12 0
-25 17 1
22 48 1
-3 -10 0
-25 28 1
-38 10 1
-24 -5 1
31 -45 0
32 -37 0
3 32 1
19 31 1
-31 -22 1
48 -22 0
2 7 1
35 -14 0
